950101003
950101004
950101008
950101009
950101011
950101014
950101015
950101016
950101018
950101019
950101021
950101022
950101024
950101031
950101032
950101033
950101034
950101037
950101038
950101039
950101040
950101041
950101044
950101046
950101048
950101050
950101052
950101053
950101054
950101055
950101056
950101060
950101061
950101067
950101068
950101069
950101070
950101071
950101073
950101074
950101075
950101077
950101078
950101080
950101083
950101091
950101092
950101093
950101095
950101101
950101102
950101103
950101104
950101105
950101106
950101108
950101109
950101110
950101111
950101114
950101115
950101116
950101118
950101119
950101120
950101134
950101136
950101139
950101142
950101143
950101144
950101146
950101147
950101148
950101149
950101151
950101152
950101156
950101157
950101158
950101159
950101160
950101161
950101162
950101163
950101164
950101165
950101166
950101167
950101168
950101169
950101171
950101172
950101174
950103001
950103002
950103004
950103005
950103008
950103009
950103010
950103011
950103013
950103014
950103015
950103019
950103020
950103022
950103023
950103025
950103026
950103029
950103030
950103031
950103032
950103034
950103036
950103038
950103039
950103048
950103052
950103054
950103055
950103056
950103070
950103071
950103072
950103080
950103081
950103083
950103085
950103086
950103087
950103089
950103090
950103092
950103093
950103094
950103095
950103096
950103097
950103098
950103099
950103100
950103102
950103103
950103105
950103107
950103111
950103116
950103120
950103121
950103129
950103132
950103133
950103134
950103136
950103137
950103138
950103139
950103140
950103141
950103144
950103145
950103146
950104001
950104002
950104003
950104005
950104009
950104010
950104011
950104012
950104014
950104015
950104016
950104017
950104018
950104019
950104021
950104022
950104023
950104025
950104026
950104027
950104029
950104030
950104031
950104035
950104038
950104039
950104043
950104044
950104046
950104047
950104048
950104049
950104051
950104062
950104063
950104064
950104065
950104069
950104073
950104075
950104076
950104077
950104080
950104086
950104087
950104099
950104101
950104103
950104106
950104108
950104109
950104110
950104111
950104114
950104119
950104120
950104122
950104126
950104127
950104128
950104129
950104131
950104132
950104134
950104136
950104137
950104141
950104142
950104144
950104146
950104147
950104148
950104151
950104155
950104156
950104157
950104158
950104159
950104160
950104161
950104162
950104165
950104167
950104168
950104170
950104172
950104173
950104175
950104176
950104177
950104179
950104180
950104181
950104184
950104185
950104186
950104188
950104189
950104190
950104191
950104195
950104197
950104200
950104202
950104207
950104210
950104211
950104216
950104217
950104218
950104219
950104220
950104222
950104223
950104226
950104227
950104228
950104230
950104231
950104232
950104233
950105001
950105002
950105003
950105008
950105009
950105010
950105011
950105013
950105014
950105015
950105016
950105017
950105018
950105020
950105021
950105022
950105025
950105033
950105035
950105044
950105045
950105046
950105048
950105049
950105051
950105052
950105053
950105054
950105055
950105056
950105057
950105061
950105062
950105063
950105064
950105065
950105066
950105067
950105074
950105076
950105077
950105078
950105079
950105080
950105081
950105082
950105085
950105087
950105089
950105092
950105094
950105096
950105101
950105106
950105107
950105109
950105110
950105112
950105113
950105115
950105116
950105118
950105119
950105120
950105121
950105122
950105123
950105124
950105125
950105127
950105128
950105130
950105145
950105146
950105147
950105150
950105151
950105153
950105154
950105155
950105156
950105164
950105165
950105166
950105169
950105170
950105173
950105175
950105176
950105179
950105181
950105182
950105183
950105185
950105186
950105187
950105189
950105190
950105191
950105195
950105196
950105199
950105200
950105201
950105203
950105204
950105205
950105206
950105207
950105208
950105211
950105214
950105216
950105217
950105221
950105222
950105223
950105224
950105227
950105229
950105230
950105232
950105233
950105234
950105239
950105240
950105242
950105243
950105244
950105245
950105246
950105247
950106001
950106003
950106004
950106005
950106006
950106007
950106009
950106010
950106011
950106014
950106015
950106016
950106017
950106019
950106021
950106022
950106023
950106024
950106034
950106044
950106045
950106046
950106047
950106049
950106050
950106051
950106052
950106082
950106087
950106104
950106105
950106106
950106110
950106112
950106113
950106117
950106118
950106127
950106128
950106129
950106130
950106131
950106134
950106138
950106146
950106149
950106150
950106151
950106152
950106153
950106154
950106155
950106156
950106157
950106158
950106159
950106160
950106161
950106164
950106168
950106169
950106170
950106171
950106172
950106173
950106174
950106177
950106178
950106180
950106181
950106184
950106185
950106186
950106187
950106188
950106191
950106192
950106193
950106195
950106198
950106199
950107001
950107002
950107003
950107004
950107006
950107007
950107008
950107010
950107012
950107014
950107015
950107016
950107017
950107018
950107019
950107020
950107021
950107023
950107026
950107027
950107028
950107029
950107030
950107033
950107034
950107036
950107037
950107038
950107039
950107040
950107041
950107044
950107047
950107048
950107050
950107052
950107054
950107055
950107056
950107057
950107058
950107059
950107061
950107100
950107102
950107103
950107105
950107106
950107114
950107115
950107117
950107122
950107123
950107125
950107128
950107129
